   12.6076     1.5710
    4.6237    -4.1037
    1.3191     1.3248
    4.1811     6.0418
    4.9897    -3.1999
    3.7065    -8.8268
   11.4630    -0.7445
   11.2769    -0.0792
    2.8172    -2.0117
   -0.0713     1.3346
    1.3726     1.7271
   12.0566    -0.5658
    1.5764     2.2927
   -1.7155    -1.5668
   13.8959     1.5072
   11.6562    -1.7048
   12.2646     0.8306
    4.6828     4.4198
    7.9370    -3.4375
    4.8303     7.1171
    3.3079    -5.3227
    3.4573     5.1854
   14.0497    -0.5742
    6.1913    -7.4265
    3.8134    -0.5372
   10.8434     0.0624
    3.3724     5.1725
    9.6649    -9.5671
   13.5295     1.3752
   -0.1796     2.1676
   13.7969    -2.1287
    5.4164     6.5200
    5.2863    -5.0020
    2.3529     0.1911
   11.5532     0.9298
   12.5174     1.0872
    6.3414     5.4904
   10.8148    -0.0905
   -0.5742     2.0966
    3.1710    -1.8437
    5.0880     2.9236
    4.4926     5.5922
    5.6806    -6.9314
   -2.5179     2.0953
    3.5286    -6.4178
   11.5073     2.9774
    0.9219     0.6716
    3.3167     5.1822
   10.6762     0.8425
    8.2714    -9.5607
    4.2171     5.2236
    2.6144    -4.3958
   11.0541     1.1652
    4.6870    -6.5611
    4.7459     6.3269
   13.0906     0.1780
    6.5524    -5.9891
    7.7603    -7.0979
    7.4579    -5.6308
    4.0054     4.9315
    6.1915     6.1089
    4.7610     5.7540
    6.7156     4.4423
    6.1707     3.8305
    4.8708    -3.2904
    0.7524     2.4902
    4.5137     5.6363
    6.8655    -7.8470
    0.8865     2.1101
    5.6270     4.4940
    3.2018     5.6785
   -5.2928     2.0012
   13.8113     0.5140
    7.3119   -10.1478
    7.4927     5.7722
   11.8190     0.3644
    6.6464     4.3503
   10.7849    -5.2146
    7.0245    -8.1457
    8.1593    -7.0766
    4.8579     5.0062
    0.9851    -0.0847
   13.7476     0.4224
    6.4684    -7.4867
   12.1202    -0.2805
    7.4068    -2.9661
   10.6307     3.0289
    3.5196     1.7332
   12.9618     1.2657
   11.9345     0.4868
    4.6256    -8.3636
   13.6230    -0.3269
    8.7763    -5.9624
    0.5396     2.4217
   -1.3812     2.6135
   -1.6538    -1.0335
    5.2306    -6.8993
    7.8583    -3.6947
    6.6376     3.5976
    6.2593    -6.8259
   11.3896    -1.1482
    6.6255     6.1901
   10.8289    -1.1828
    5.6667     4.1958
    7.9840    -4.8474
   -0.5573     1.0746
    8.6780    -5.0891
   11.3286    -3.4513
   12.0163    -2.1045
    1.3655     0.3674
   11.4895    -0.1220
   11.8245     0.5660
   -0.7534    -0.7800
    1.4621    -0.5805
    4.9585    -3.9294
   10.9394     2.0340
    4.3930    -7.4417
    5.5657    -5.1430
   -0.3579     3.8186
    5.7248    -6.6708
    7.6906    -3.5772
    2.1215    -1.2706
    5.3601    -8.7221
    4.1763     5.3633
   11.3687    -2.0626
   13.7017    -0.2768
    3.4325    -0.6453
    1.3507     4.6132
    6.1790    -4.9235
    5.9891     4.4680
    2.7037    -1.4556
   12.5667     3.6915
   -1.0444     1.2559
    5.6993     4.5943
    5.8216     6.0129
    5.7205    -3.3463
    5.3733     5.4144
    2.1304     0.4573
   -2.2291    -1.2637
   -0.9547     5.9380
    7.2104     3.4000
   11.9146    -1.4007
    6.8313     5.5581
    4.5454     4.7051
    5.6723    -6.1284
    5.2952     3.4966
    7.9187    -5.7617
    0.6991     2.9152
   13.4050    -1.6138
   10.2696    -0.8723
    3.8969     4.8800
    2.2959     4.5548
   -3.7846     0.5291
   12.7246    -2.3335
   11.8468     1.1220
    5.2187    -4.6371
    3.5160    -5.2462
    6.4195     5.4406
   12.9544    -1.6537
   10.9293    -0.8381
    6.0555     4.6846
    8.0500    -8.8128
   -1.5444    -1.5805
    6.3840     4.3712
   -0.6705     0.2673
   14.9656     0.3775
    4.2408     5.1951
    3.3161     4.5959
    1.3595     0.3655
    5.8722     5.1258
   13.4585     0.1486
   10.3720    -0.2529
    5.4434    -6.4444
    5.9781    -6.9970
   11.1675     0.8194
    6.7338    -9.5398
    0.3390     1.7991
    4.1040    -0.5642
   10.1618     0.7071
    7.1391    -5.4115
    5.3521    -4.5287
   -1.6724     3.3451
   12.0112    -1.4993
    5.5779     3.5129
   10.6857    -1.4926
    0.9654     1.5236
   11.8192    -3.1151
    5.6140     5.0001
    7.5058    -4.4114
    5.3062     2.7903
   14.3600    -1.1932
    7.3790    -8.0626
    5.7264     6.6279
    5.4028     5.3013
    5.8848    -4.6308
    5.7067     4.7335
    2.9572     1.1750
   14.5458     1.9823
    5.9305     5.8198
    2.6661     0.7392
    2.7736     3.0464
    3.2470    -0.6499
    3.9256    -4.8010
    5.4447     6.3298
   11.9037    -0.9302
    5.5453     5.7232
    5.3329     4.8662
    8.9869     0.1646
    5.1868    -5.7281
    0.6974     1.0772
    6.9781    -6.1156
    0.7838     2.6308
   12.0934    -0.0834
    2.1796     2.8027
    7.5226   -10.5785
    5.3975     4.3770
   -2.8580    -0.4654
    5.2982    -9.5644
    5.9728    -1.8821
    6.5106    -7.8256
   10.6998     1.3858
    6.7954    -6.8667
   14.0621    -0.4475
   10.0602    -0.2312
   -1.1058     3.0427
   10.5115    -0.9754
    0.5433    -0.5976
    5.4435     5.1931
   -2.5502     2.8883
   11.0943     2.1465
    0.4060     2.3752
   -0.1625    -1.3135
    5.9148     7.2529
    5.5744     5.4149
    6.4491     6.5746
   11.5768    -0.3034
    5.8813     6.2436
    5.8106     5.1211
    0.3925     4.8748
    2.5173     1.8451
    1.8152     1.2962
    4.4302    -4.4348
    6.3651    -3.6562
    3.6754     6.5798
    7.6474    -5.3010
   -2.4037     0.9180
   12.5647     0.5862
   10.8198    -0.6732
   12.7863    -1.4890
    7.7479    -8.7976
    7.6787    -6.4506
    5.6729    -5.0192
    5.0629     5.8652
   -0.7807     4.0454
   11.6691    -1.0671
    2.1409     2.8355
    6.8569    -4.9500
   11.0763     2.1989
    1.8309    -6.3562
    4.2061     6.2462
    3.7193     4.3807
    4.7717     4.9571
   12.5226     1.9255
   11.1606    -1.8228
    4.9357    -1.5998
    4.8489     2.3674
    3.7932     4.9288
    7.6192    -4.3613
    5.7180     4.1558
    7.9733    -4.8108
   -1.0350    -1.3590
    2.1302     1.0215
   -0.1996     1.0429
   -1.1452    -1.1193
    5.3461     3.6765
    4.2188     4.4128
    4.3542     5.1474
   -2.9273     0.4201
    4.3344    -7.3148
    5.1845     6.3831
    5.6799     4.4127
   11.6567    -0.6510
    3.7845     4.2742
    5.6077     4.6123
   15.1712    -0.1787
   -4.7584     2.3164
    4.3015     3.4637
   -2.2434     2.0112
   -0.4797     1.3451
    3.8315     7.0407
    8.8572    -5.3362
    0.0561     0.8578
   11.0212     0.8803
    4.2295     4.9855
    1.3886     3.4534
   12.6643    -2.0043
    1.2362     4.5813
   13.5634     1.2537
   10.5429     0.9817
    4.1004     5.6855
    1.0290     2.5736
    2.4667     0.9478
    5.5396     4.3354
    0.7662     3.0922
    8.1195    -3.0868
    6.0558     5.0842
   10.3454    -0.0170
    4.5147     5.6001
    3.8207     3.9980
    3.2308    -9.5208
   13.1676    -0.0270
   11.9195     2.0593
    1.9936    -8.1837
   -0.0666     1.4330
   14.1124     0.5704
    5.4086     6.8214
    6.4390    -5.1532
    1.2207     0.3095
    8.9850    -5.8324
   13.4924    -0.9998
   11.9237     0.7814
    5.1861    -5.3377
    4.4379     3.7613
   -2.9257     4.1506
    4.4154    -5.3093
   11.0250    -0.2336
   14.4745     0.4834
    4.9739     4.9495
    0.8100     1.2646
   11.9027     0.3418
   -0.0456    -1.1739
    4.6370     4.3711
    2.8485     1.1480
    3.0156    -0.1804
    1.7672    -2.7010
    0.8155    -6.7599
   -0.7784    -1.1954
   12.6360    -1.1702
    7.1082    -4.3952
    5.2579     4.0211
    5.5322    -5.2805
    5.3509     5.0163
   10.2503     2.1096
   15.3041     1.1287
   10.6881     1.7995
    1.7165    -0.4479
    5.4738    -4.6953
    3.4826     5.1048
   12.1483    -1.1279
   12.3762    -0.7232
    4.2268     4.3937
   11.4626     0.1841
    5.2096    -4.0167
    1.4082     2.3595
    4.5549     5.3121
   11.0777    -0.8568
   12.8810    -0.5436
    2.3014     3.5690
    2.6077     0.6365
    5.7239    -4.2951
    3.8034     5.4699
    3.4986    -7.1408
    5.0417     5.3784
    5.5322     5.1493
   11.3620     0.1397
    1.9592     2.9578
   11.5626     0.2021
    4.3827     5.3451
    5.4751    -7.0298
    4.1995     3.3233
   10.5830    -0.5071
    1.9696    -0.5872
    3.5322     5.2663
    1.8707    -0.3232
    5.8575    -7.7741
    4.3277     0.7071
    6.7031    -9.4036
    6.0108    -7.8877
    1.6156     1.8345
   12.2485     1.3290
    5.4758     4.6058
    8.8348    -6.4189
    6.5114    -8.3962
   10.9179     0.1952
    4.5485    -6.3066
    6.2479    -6.3210
    4.4683    -7.0667
   12.3516    -0.6051
   14.7912    -0.8546
    2.5362     2.2493
   11.6352     0.6161
    6.7071    -3.7912
    5.8882     5.3033
    9.6105    -4.0415
   13.7676     0.7317
    5.6420     5.2152
   -1.3929    -0.7047
    3.2816     4.7836
    8.1437    -1.1298
    3.3208    -4.8144
    9.9480    -2.0809
    6.1028     3.8815
    9.6611    -1.6510
    2.1188     2.6721
   10.5773     1.7456
    4.3865     5.1580
    4.2324    -5.7276
   11.2204    -0.0589
    1.6469     0.5896
   10.5262    -1.1093
   -1.3603     0.8541
    5.5486     4.3690
   12.4444    -1.4750
    4.3017     3.5071
    5.6025    -4.5697
   -1.3219     3.2004
   14.0353    -1.2121
   -1.0977     2.6742
    3.1231     6.5087
    2.3703     0.7946
    4.1064    -4.7539
   -1.4283     2.3530
    4.7636     5.5931
    9.4130     1.7471
    5.9428    -6.2011
   11.4068    -2.2951
    5.3333     3.5808
    4.8107     3.2237
    6.1362     4.8783
    9.0607     0.0210
    5.0082     4.8019
    5.3301     5.7574
    5.6900     5.3701
    2.8536    -0.7728
   12.1303    -0.5763
    3.8962     4.6060
   -1.1579    -1.7486
    0.1021     3.4819
   12.9619    -1.2241
    0.9501     0.8020
    4.8138    -8.9716
    5.0965     4.6402
    6.8899     5.3992
   11.6610    -1.8335
    4.4336     4.9559
    5.4990     6.2036
    4.8435    -6.1790
   15.6620     1.7051
    8.5882    -8.1539
   10.0941    -0.6804
    5.9787     4.8399
    0.8579     2.3219
    3.2541     3.2515
    3.3645    -8.9250
   11.0949     2.8139
    3.4166    -0.7860
   -0.9048     3.0829
   10.6065    -0.3123
    3.8641    -0.7110
   10.6537     0.7334
    3.0748    -6.4988
    2.9105     5.2677
    4.2052     5.4661
    7.8386    -5.4455
    6.8031    -7.5748
    7.1514    -4.4766
   -2.5955     1.3297
   11.7213     0.4923
    4.9528     5.8936
    3.8932     0.6021
   10.5348    -0.2126
    4.8659     5.4947
    5.5402     6.3836
   13.2378     2.1403
   12.6672    -1.7619
    7.3113    -7.1347
   -0.7239    -1.8098
   12.4189     1.8791
   12.7509    -1.3114
    4.1889     5.5237
   12.3231    -1.6063
    1.3795    -1.2109
    7.2056    -4.6444
   -1.0833     3.5052
    5.9247    -5.9155
    6.8733    -4.7408
    1.5233     6.5315
    4.9979     4.4074
   12.3868     1.0661
   12.7225    -0.9149
    9.3798    -8.8117
    5.1498     4.5522
   11.7891    -0.7223
   10.9353    -2.0530
   10.8424    -2.1271
    0.5387     3.1380
   -0.9618     1.3182
    4.5868     5.4482
   -1.2491    -2.1794
   11.5835    -0.7664
   11.7531    -1.8043
   13.2540     0.4651
    5.0290     3.9670
   -1.1284    -0.0363
   10.9055    -1.7348
    3.6010     4.9045
    3.1014    -9.4314
    3.6389    -1.4429
   11.7423     2.6161
    3.0455     1.2450
    6.6374     5.9820
    5.1519     2.8430
    7.0055    -5.9166
    5.1565     4.3470
   13.7368    -1.6167
    4.2508    -8.4858
    5.2875     4.0158
   14.4246    -0.0338
   -0.2670     0.8435
    1.2806     6.3189
    2.4310    -1.9998
    6.4120     5.0412
    0.5607     1.2504
   11.9176    -0.6882
   12.5924     0.9605
    4.6073     5.1501
    4.1942    -7.5359
    3.3141     0.5919
    2.7037    -4.9488
    4.4227    -5.3567
    3.9731     7.4813
   -1.1687     4.8629
    3.5473    -2.9134
    6.8552    -4.9602
   13.0961     3.0412
   10.4807    -0.8034
    8.8921    -9.3259
   -1.0499     2.4098
    4.7825     2.3253
    6.8988    -8.1234
    2.8840     5.1260
    5.8684    -4.0494
    1.5987    -2.3236
   -0.2066    -1.3089
    3.3961     4.6521
    7.1430    -9.1632
    2.3955     1.2545
    1.2560     2.4369
    5.4889    -8.7158
    2.7751    -3.0815
   11.2333     0.6421
    3.9809     3.3956
    0.4992     2.3322
   12.5355    -1.7342
   10.7933    -0.9938
   11.6483     2.3499
    5.1150     3.4775
    4.9116     5.7189
    7.5475    -7.6387
    1.3543    -9.6100
    3.5917     4.9807
    7.5119   -11.1051
    2.5239     3.8172
   13.7058     0.9537
    5.8672    -4.2352
   12.4106    -0.9454
    3.4524     4.6519
    4.9377    -9.6750
    5.2118     6.2593
    4.6641     6.6255
   13.4168    -0.4635
    4.7655    -7.7879
   10.2283    -2.2891
   12.4349    -1.8181
   11.8686    -0.6047
    0.2356     3.5648
    2.4567     5.5371
    1.1018    -0.6362
   13.3282     0.0082
   14.8675     0.6804
    6.1868    -6.3866
    5.5302     4.8386
    4.8551     5.9969
    7.1711    -3.3380
   12.1401     1.8162
    0.0203     3.8118
    5.3426     3.7961
    7.9045    -6.4808
    5.0405    -7.2851
    3.6848     5.7452
    5.8201     5.7780
    5.5994     5.4918
    4.6074     4.9401
   12.2810     0.1468
    8.2664    -6.2055
    3.2633     3.7902
   13.5612     0.0348
    3.2487    -7.0183
    4.4311     5.5323
   14.5544     0.5704
   -2.4354     1.9352
   13.2375     0.3786
   10.2687     0.9172
    3.3044     5.5032
   14.7146    -0.0328
    4.5543    -7.3164
    0.9235     0.4722
   -0.2109     2.6274
    5.4402     4.6494
   -2.0971     3.7387
    3.6052     5.0491
   -1.6009     0.5750
    1.6362    -2.7516
    4.5983     5.3043
    1.6412     2.8933
   11.6643     0.8756
    4.5426     4.8904
    0.7835     1.3298
    3.4601   -11.3378
    5.2709     3.8780
    4.1053     4.1212
    5.4598     6.7863
    6.3964    -6.3865
    4.3731     5.5887
   10.7225    -0.2618
    4.4252    -4.9718
    5.7509    -5.4507
    4.0176     4.9171
    5.4022    -5.5118
    3.6300     0.9691
   11.3472    -0.3633
   12.2032    -0.1688
    1.9741    -3.1641
   13.5495    -0.6632
    2.7754     6.8846
    6.5214    -7.2032
   12.1492    -1.0645
    7.6790    -5.2875
   11.6659    -0.5084
   11.9382    -1.0529
    5.0665     5.6541
    9.6585    -7.2066
    3.0233     2.2799
    9.7803    -6.5893
    7.4670    -6.0212
    6.5537    -3.4101
    3.9586    -7.3719
    7.2982    -6.2870
    9.8249     1.1888
    2.1298     0.6073
    8.3579    -7.6489
    3.3185     1.0688
    5.6416     5.5048
    6.1945     6.8894
    9.3616    -0.6199
    5.8984     7.2681
   10.4705    -3.7729
    9.0748    -0.8195
   12.9879    -0.4049
    0.4083    -1.6184
   11.9101    -1.0454
    6.1625    -2.8118
    1.7178     2.2498
    5.4694     4.7136
    6.2752    -5.7033
   -0.6647     5.5898
   11.4740     0.8611
   13.5286    -0.9431
    1.5704     3.1409
    2.9119    -6.1801
    4.5375    -7.1218
    1.7778     1.5001
   13.9517     2.3183
   14.0598     0.5619
    4.1836     4.4026
    4.9415     5.5064
   11.4392     1.0833
    4.1302     6.3742
    1.2522     2.7059
    5.8394     6.5673
    9.0533    -6.0748
   12.0311     1.3652
    5.2222     5.3036
   13.4041     1.2602
    4.3482    -0.5798
    6.9766    -7.0073
   12.7797    -0.8852
   11.6016     0.5586
    4.9634    -7.3978
    2.8131    -0.4437
    5.3323    -3.9447
    5.7230    -0.6496
    4.9963     2.2421
    4.4630     4.9777
   -1.3370     0.1350
    4.8189    -0.4338
    7.2823    -6.0241
   12.7944     1.4014
    4.9790     5.8011
    7.1648    -4.8067
    3.7233    -7.4968
    6.1984    -5.5915
    5.5630     6.6204
    6.4128    -6.5408
    6.6229    -4.7855
    2.8267     5.6095
    4.2674     6.2375
    1.6882     1.1801
    1.4472     2.2050
    2.1437    -5.7490
    4.9071    -6.5729
   11.0150    -0.4368
   11.6755    -0.0969
    5.3522     6.0996
   12.1731     0.8944
    4.2268     5.7867
    5.7564    -5.5286
   -0.6345    -1.8359
   10.1992    -0.5880
    5.8792    -3.3421
    5.6321     4.1632
    3.1626    -8.6558
    5.9440    -5.6759
    2.8243    -4.6242
    4.7343     5.2405
    4.7292     6.5664
   12.1476    -1.1842
    4.4548    -4.7613
   12.4652    -0.2410
    3.6562     1.0892
    2.4203    -6.1747
    9.6025    -2.4542
    6.9826     4.3005
   11.3047    -0.7692
    9.2823    -5.9649
   10.5946    -1.8969
   11.5876     0.1908
   12.5149    -0.1455
    5.1085    -7.5886
   -0.8173     2.7848
    5.7788     5.6349
    6.9784    -6.4799
   -0.7423     0.7595
   -1.4134     1.2168
    5.9083     5.5626
    2.5680     4.5346
    0.0396     1.2946
    4.8875     4.6825
    1.8877    -1.8697
   11.9723     0.4989
   12.3643     0.3519
   -0.3091     0.4198
    8.8881    -4.0889
    5.9698    -3.8194
   -2.6481    -0.5185
   11.9149     0.2994
    4.3584     5.6561
    2.5762    -1.4838
    6.3691     5.5921
   12.8154     1.4924
    0.4653    -2.5673
    6.2919    -1.7530
   12.4096     0.4696
    5.6151    -3.2205
    6.9138     4.9304
    8.3259    -6.1728
   -1.6970     2.0945
    5.3726     4.6555
    7.3350    -4.3775
   11.7117     3.2435
    4.2923     5.9072
   11.0860     0.8225
   -1.1149     2.3207
    8.3066    -6.4372
    1.0440     3.3252
   12.2349     1.7136
    2.7362     2.8999
    7.1031    -8.5888
    9.8233    -0.0276
    6.3194     4.4848
    4.9796     5.4917
    6.7263     3.0817
    0.8933     1.5154
    5.3383     4.4527
    1.4342     1.9290
   -0.0164    -1.0544
    3.5625     4.4157
   -3.0277     0.6619
    8.1578    -7.8965
    5.2127     4.9768
    4.6016     3.7211
   12.0802    -1.4311
   -0.1223    -0.4000
    5.2988     4.7274
   10.1638     1.8666
    6.2157    -4.4599
    3.1537    -7.1726
    6.1636    -7.0574
   14.5011     0.6730
    5.1190    -9.3095
   11.1698     0.4099
    4.9279     5.9286
    5.8719    -7.4514
   10.7156     1.8330
   11.3562     0.4946
    2.0397     0.8683
    2.0141     0.7639
   -2.2757     0.3497
    3.6014     4.9666
   -1.1323     2.0190
    4.8448     0.7256
    3.6371     6.1330
   11.4963     0.7499
   12.2840     0.3650
    3.7577     6.4897
    4.3776    -4.2867
    1.7969    -1.3066
    5.2179    -6.7145
    8.6221    -7.0802
    5.3452     6.2183
    5.0764     6.5049
    5.0062    -6.4720
    4.9534    -4.1031
    4.9773     4.3927
   13.0129    -0.3982
    0.7638    -1.2301
    2.6927     4.2996
    1.0885    -0.9986
   -0.4348     3.9627
    4.8300     4.8334
    4.6104     4.4959
    5.7524    -4.4687
   13.6893    -0.3625
    6.5380     3.5530
    4.7907     5.4324
   -0.7595     0.9768
    6.3978    -5.6468
    2.9270    -0.1731
    9.6131    -7.0722
    1.4470    -0.4751
    1.3044    -3.8948
    9.7873     0.9807
   15.1782    -0.8018
   12.3293    -0.8011
    4.1638     2.0201
   12.1586     0.7786
   11.1860     0.7775
    5.7847     5.8483
   12.5585    -0.1985
   -0.0578    -0.1387
   13.4060    -0.1796
   12.6254    -0.1820
    8.6183    -5.1982
    2.4480     0.7453
    6.0272     5.3071
    7.7632    -6.3733
    5.8998    -4.4537
    0.8833     2.3696
   11.6631     0.1675
    5.1838    -8.7728
    3.6033     4.7708
   13.8141    -0.2801
    5.0151    -6.2172
    4.0679     5.1508
   11.9346    -1.2320
    4.4985     6.5762
    3.5931     0.5141
   10.8591    -1.2722
    3.7217     5.4076
    7.5276    -3.3858
    5.4532    -6.6780
   12.2795    -0.5986
    4.8552     3.3075
   -0.2823     1.7262
   -1.0855    -2.9251
    7.9809    -5.0400
   13.7287    -0.3976
   13.0175     0.8439
    4.7385    -4.2060
   11.1182     1.2467
    7.1153    -7.0313
    6.1614     5.3908
   -0.2887    -2.7520
   12.1936    -2.6133
    1.5655     2.5955
    6.4959    -5.9574
    4.1679     5.1613
   -0.4811    -0.5091
    5.8834     4.8308
    5.5193     6.3089
    6.5666    -5.4071
   12.8112     2.2544
    5.1723    -6.1719
    5.0197     4.0828
    6.3595     3.8783
    6.2562    -6.8009
   12.2300    -1.2001
    1.0002     0.6880
   11.4975     0.3288
    6.9441     4.5949
   10.7050    -0.7809
    3.1934     2.8189
    5.0505     1.3296
   12.7491    -1.3277
    1.8067     0.2732
   14.7688    -0.5377
   10.1407    -1.1290
   13.8338    -0.5084
   12.1700     1.6100
    3.8363     6.2496
   -2.5464    -4.5800
    1.5248    -0.4161
    4.7389     4.8018
    1.5427     2.7851
   11.2469    -1.1924
    1.1385     1.0460
    4.1993     5.1661
    2.4406     1.6309
    4.1433     5.6677
    2.1078     3.2617
    1.4354     2.5433
    7.5575    -5.0825
    6.5122    -3.9358
    1.0252     2.2396
    1.8605     0.6444
   11.7646     0.7054
    4.9402    -8.7569
    0.7802     2.4358
    8.0756    -0.8565
   12.5497    -0.5138
    4.0164     4.8269
    6.1169    -4.4392
    3.0449     5.3177
    5.1780     3.6962
   11.8111     1.6193
    7.9950    -8.2844
    5.5131     4.9003
    4.8279     4.1312
    5.7410     4.8365
    2.8579     1.2507
    1.3489    -1.2356
   13.2718    -0.6085
    5.3731     6.8895
   -2.7777     2.6434
    1.8990     3.0775
   14.1569    -2.7381
    2.9287    -5.9150
    7.2590    -3.5496
   14.1073     1.0162
   13.6941     0.5712
    5.2136    -3.7345
   11.4348    -2.0603
   12.2132    -0.3951
    2.8886     0.9008
    5.5318     5.3956
    6.6331     5.1399
   13.1931     0.4322
    5.1831    -7.0470
    0.8080     3.6885
    0.2763     0.1167
    5.1256     4.9675
   10.0821    -1.4128
   12.6327     2.1124
    5.2927     5.3991
    8.7810    -7.2656
    4.9872     6.4054
    4.3333     5.2677
   13.0393     0.4546
   -1.8484     1.3692
   10.7888    -0.3727
    5.6793     5.0605
   12.0834     0.8918
    4.1541     4.0793
   10.7834    -0.3868
    9.6853    -8.0155
   12.5533     0.4803
    4.1002     5.3973
   10.2687    -6.2075
    2.8000    -0.7647
    6.9167    -6.0580
    6.5863    -3.0312
   12.5521    -0.2782
    0.7148    -0.9735
    6.6668     5.6612
    5.7391     5.7860
    8.6496    -0.1310
    8.9705    -7.6476
    3.3744     3.8491
    7.4610    -5.8586
    6.0730    -5.2428
    6.6984     6.3638
   11.0450     0.6908
    0.8668     0.8422
    7.7132    -8.1069
    0.5729    -0.3944
    9.2888    -5.1520
   13.8860     3.7488
    5.8710     4.1203
    4.6328     5.5063
    5.9521     6.1541
    9.1137    -5.9716
    5.4363    -3.2685
    0.8386    -2.6965
   12.6671     1.4945
   10.9253     0.1824
    3.8650    -8.8037
    4.8394     4.5202
    5.6200     4.8206
    1.3095     5.9450
    5.8394     4.9857
   11.3435     0.5663
    4.2489     4.5351
    9.7669    -7.9980
   -0.7129     1.8047
   -0.7961     2.1561
    5.7168    -5.7552
    5.1187    -7.7288
   -1.4777    -1.6063
    1.9760     2.3250
    4.1412     6.0116
    5.1762    -7.7839
    3.7925     4.3219
    3.3234     5.0287
    4.7642     3.5238
    9.2129    -7.6144
    5.6767     5.1985
    2.8848    -6.7697
    2.8678    -0.5314
   11.2360     0.2778
    4.1718     4.6032
    1.1920     1.1608
   11.4718    -3.2444
    5.5828    -4.5545
    3.9813     3.9738
    2.6269     0.4305
    6.2243    -6.0651
    4.8558     3.5775
   13.3689    -1.5876
    7.1200    -8.3719
   10.3282     0.4270
   12.8384    -1.5131
    5.4812     6.4709
   -1.7273    -0.8953
   12.4864    -1.4199
    4.9603     0.9854
    7.0906    -4.5559
    2.3812     5.9619
   13.4111    -0.6177
   -0.0303     1.1290
    4.7075     3.7998
    5.0524     3.6773
    9.9188    -6.2474
    0.8442     3.0099
   11.3229     0.5163
    2.8592     1.0325
    4.9668    -1.3869
   13.2862    -0.4411
   -0.1732    -3.5453
    0.5922     2.1765
    4.0793    -3.1727
   11.5955    -2.0692
   12.3694    -0.9617
    7.6011    -4.7044
    2.0354     2.1998
    7.3213    -4.8571
    4.4564     4.1523
    0.4811    -0.3678
    1.4527     0.7028
    6.1654    -4.6950
    4.1824     4.3441
   -3.1536     0.9427
    1.9108     1.2035
    2.5971    -0.5590
    9.4483     0.0759
    9.5172    -5.3404
   -0.0204    -2.0005
   11.5164     0.7160
    0.7997     4.5597
    4.5505    -7.5620
   11.7813     1.5802
    6.6148     2.4927
   12.0219    -0.9242
    5.3515    -6.6713
    5.2927     5.3754
    5.5607    -6.5320
   12.9474    -1.5780
    5.7787     0.6211
    5.3126     4.5727
    1.7527     2.6304
    4.0617     4.5102
    4.7077    -5.3818
    4.2773    -2.7763
    4.6813     3.9303
   11.6672    -2.4737
    6.0016     4.1908
   12.1127     1.9770
    6.0461    -4.2971
    6.1553    -7.8566
   12.3238     0.2068
    4.1653     4.2656
    8.6266    -6.3066
    6.0450    -4.5462
    4.7538     6.3146
   11.8319     0.0796
    6.5284     4.7516
    3.6498     6.6869
   11.7903     1.2479
    2.0584    -6.5488
    3.6904     3.9060
    5.2813     4.0320
   11.1486    -1.1250
    5.0374    -6.1335
    1.4257     3.4657
    4.9601     4.9529
   10.4209    -0.6433
   10.9088     0.8734
    4.9985    -9.8292
    2.9309     1.1470
   10.0264     1.3901
   12.0535    -0.0577
    3.7387     4.8412
   12.8805     1.4983
    5.4437    -9.4530
    3.9897    -7.8298
    5.2295    -3.2926
    6.5851     4.4122
   12.9799    -1.0400
    7.1118    -3.4748
   12.3355     0.5564
   -0.5121     1.6991
    4.5854     3.6867
   -1.3409     1.1159
    2.3526     0.7264
    9.9878    -6.6721
    8.5155     7.6644
   11.3988    -1.5069
    3.7722     5.3064
    3.6707   -10.1125
    7.3357    -8.7909
   12.0532    -0.6530
    3.4870    -5.7441
    3.5467    -0.0145
    3.9686     4.0651
    9.5775     1.8639
    0.7472     2.6376
   13.9343    -1.0963
    4.0905     0.1310
    5.2336    -1.9194
    1.9901     0.9091
    4.1414     6.3566
    5.3086    -9.6453
    2.8069    -6.6328
    1.2713    -5.2583
    3.4366    -0.4306
    8.9581    -6.7839
    4.6953     0.0129
   12.9000     1.3085
    4.3035    -4.5510
    2.3808     3.5053
    2.0617     0.9403
    0.5210     0.2048
    5.1784    -6.1894
   12.7820    -0.4110
   12.5193     0.1924
    4.5799     4.4549
    4.1751     4.2567
    5.1070     5.6521
   -0.8987     2.7502
   -0.0345    -3.3193
   10.6311     0.5893
   13.1318    -0.1262
    4.2758    -0.7908
    7.4108    -3.1180
    6.5560    -4.9783
   11.6512    -0.6808
    6.9290   -11.8954
    6.4240    -5.6550
    4.5244   -12.4587
   11.4135    -0.9742
    3.4398    -6.5221
    4.4131     5.1531
   14.8577    -1.2639
    4.2581     3.4471
    4.2788    -5.5836
    4.7721    -6.7765
    5.5807     3.9006
    6.1422    -8.0539
    3.4222     0.4482
    6.9084    -7.2288
    9.4384    -1.1768
    6.4660    -1.7375
    2.2092     2.5344
    4.9888     5.8240
    1.5702    -0.3423
   12.3836    -1.1756
    4.5525     5.1071
   11.6162    -0.0686
   -1.3360    -1.0886
   13.6903    -1.0074
   12.5375    -1.4312
   11.7674     1.1523
   -0.2457    -0.6672
   10.2111     0.1323
    5.8781    -6.4915
   10.1591     2.1399
   14.4305     1.6959
    5.7533     6.3173
    7.0201     5.4242
    0.3380     0.5053
    5.4182    -4.6757
   -1.2927     3.2475
    3.8356     5.7200
    6.6273    -9.0764
    5.0076    -8.9444
   11.9138     0.6187
   13.4141     1.8534
    6.8361    -5.3597
    3.3944    -3.7306
   14.5784     2.1525
   -1.1554    -1.3281
   10.9839     1.5153
   11.6883     0.0080
    7.8567    -6.9720
    2.6828    -7.2702
    2.8322    -3.9111
    4.6651     6.7191
    3.6319    -4.8340
    4.0178     2.9185
   14.6856    -0.6455
    4.3545     5.6627
    6.5232    -7.4851
    3.2517     1.8115
   10.9177     1.2324
   11.6082     0.9602
    1.2550     4.0626
   -1.4646    -0.9514
    2.6485    -0.1940
   11.9065    -0.5150
    2.3647    -6.1517
    4.5711     3.3687
    0.3857    -0.6127
   -1.9728     2.5985
   13.3496    -0.0643
   12.6243     1.2751
    7.7192    -2.9281
    7.9309    -5.7997
   -1.0692    -2.4953
   14.3683     1.5040
   14.0411     1.3605
    1.6062     0.0041
    5.4369     4.2877
    1.0764    -0.0676
    4.4325     5.9606
    7.6149    -7.4042
    1.7973    -0.6378
    1.5751    -0.6570
    3.9789    -5.6766
   11.3424     1.1225
   12.2966    -0.6172
    4.2444     0.2509
   12.5227    -1.6870
    5.2580     5.3780
    2.7166     6.5602
   10.9216    -1.2964
   12.3121     1.5041
    5.4661     5.0092
   12.2627    -1.4809
    3.9225     2.2754
   11.2563    -0.7880
    7.1872    -5.3273
   10.8552     1.0725
    4.8382     3.7657
    1.0714     6.3148
   12.3260    -0.8101
   11.6865     1.1796
    5.3915     4.9883
    2.6515    -2.3571
   -4.6467     1.5969
   -0.1477     2.0791
    7.4488    -5.0584
    4.8240     4.0885
    0.2136     2.8317
   12.1471    -0.6994
    4.4469     5.3331
    7.4477    -6.4798
    6.0905    -6.2098
   11.0228     0.8988
    1.4065    -0.3421
   -1.5968     0.8350
    4.0283     1.3775
    8.3137    -6.6350
    3.4507     5.2520
    4.9253     3.2869
   -6.2313     1.5427
   11.8893    -0.5285
    7.6423    -7.6349
    9.4477     0.8132
    5.3347    -3.5985
   -1.3088     1.5044
    1.0492     0.7245
   12.9858     0.7468
    6.2792     6.4987
    1.2885     3.5563
    1.3287     0.0918
    1.3539     0.3953
    4.1871    -7.5791
   11.4321     0.0217
    3.9391     5.1854
   13.2612    -1.2709
    6.2064    -8.7282
    4.5681     4.1488
    4.4041    -6.0101
    2.9316     4.5447
    4.7700     4.3964
    8.5650    -9.7509
    3.0487    -0.3119
    4.1764     5.8858
    3.7180     1.0748
    2.3937     2.7257
    2.4411    -0.6304
    6.2838     7.0602
    6.9138    -2.6872
    2.1138    -3.6997
    7.0008    -4.7290
    3.5004     6.0672
    2.3560     5.3248
   -3.6045     3.3342
   12.3870    -0.4925
    5.5681     5.8842
   -1.8386     1.7599
    4.7697    -7.9332
   10.8313    -2.9761
   10.8361     0.6110
    3.1954     3.3622
   10.2980    -1.9332
   14.4869    -2.3275
   -0.1499     1.6541
   13.3638     0.9841
    1.2562     0.9264
    9.9774    -0.3394
    7.2399    -2.7267
    5.7182     6.7942
   -0.3724    -1.5070
    3.1500    -6.8252
   -1.7386     2.5612
    4.5044    -8.4295
    6.9528    -7.0553
    3.8480     6.1300
    4.1834     4.7222
    4.4467    -6.0984
    5.3808     3.8775
    3.4391    -7.7566
   -0.1397     2.6737
    5.3191    -4.2004
    3.5582    -6.1287
    3.1566     4.2523
    5.2491    -3.4789
    3.2263     5.9329
    1.5541    -0.9138
   12.1632     0.8406
    4.1722    -9.5393
    4.8443     6.0106
    5.3606     4.8816
    7.6402    -7.0222
   13.4564     0.3966
    5.6623    -7.7700
    4.2287     6.2154
   10.6190     0.6194
    4.2058    -6.7419
    1.8397     4.1818
    1.7552    -0.3570
    4.1234     0.4255
    6.0562     4.9300
    2.6802     0.8035
    4.0731     1.1605
   12.2673    -2.7026
    5.7258    -6.7943
    4.4833     5.3081
    4.3922     0.5039
    6.1799    -7.9562
   -0.0262     1.5953
    4.6463     5.2993
    6.3959    -5.2427
   11.9581     0.1821
    2.8093     4.0485
    6.9764    -7.2866
   10.8811     1.8317
   12.9560     0.5670
    4.6041     3.7740
    7.1830    -9.0812
    7.5562    -3.7415
   13.3374    -0.0441
    1.8839     1.6332
   13.7634    -0.0415
    5.6740    -3.3455
    7.7283    -9.7587
   13.8224     2.5487
    4.0754     6.5015
   10.4857    -5.4808
    5.1844     6.4709
    3.9898     3.0703
   14.9222     0.6866
   -2.3984     0.5775
   10.7152     0.9623
    3.9926     4.7763
   11.4922    -0.7307
    3.9393     6.1994
   10.5562    -0.9675
    4.9399    -6.6657
   11.3952    -0.0692
    7.2641    -1.2713
    2.8762    -1.1031
    2.9921     2.6961
    0.4141     3.1473
   -1.1078     1.7128
   -1.5666    -1.3150
   12.0753     0.8611
   11.8562     1.6677
   -0.2326     2.3316
    7.2055    -3.9414
    9.7963    -0.1907
    5.2341     4.4427
    6.4786    -3.3751
    1.1986     3.1448
    5.6152    -5.4809
   11.4611    -0.5766
    5.5454     3.8821
   -0.7178     3.0385
   -0.7775     1.2122
   -0.3706    -2.7191
    2.3307    -3.7523
   12.8107     0.2094
    4.6647     4.5617
   11.5771     0.1057
    4.8083     5.4048
    6.4837    -1.4751
   12.9422    -1.4031
   12.3434     0.9063
   12.8086     2.1777
    7.4278    -8.8212
   12.2052    -0.4039
    6.0783    -4.9612
   -0.0840    -0.0674
    4.7438     5.3468
    4.0434     3.7862
   14.1932    -1.5316
    3.3069     1.3039
   12.0474    -0.9993
   10.9760    -1.2823
    4.7917    -8.8759
    7.7943    -6.1385
    4.8623    -7.2941
    8.2872    -7.5097
    4.1612    -4.1654
    8.9480     1.4242
   11.7746    -0.8492
   12.4511     1.0526
    4.7362     4.8313
    5.6321     5.1855
   11.7619     0.3588
    2.1758    -0.0577
    5.1108    -1.8745
    0.3444     3.3386
    7.9764    -5.0555
   -0.5271     2.2802
   12.6501     2.9513
    6.7131     5.1026
    7.2417    -4.5998
    5.6488    -5.6108
    3.3332     3.4726
   10.1184    -5.9234
    5.3676     4.6229
    4.6495    -5.9208
   13.1834     1.0127
    4.5555    -5.2740
    1.2164     0.5426
   -0.4906     0.6601
   12.6260    -2.8448
    4.6037    -6.4293
    7.2118    -5.7820
   14.3705     2.1186
    1.2332     1.0336
    6.3952    -7.2513
    1.1290     1.0209
    7.5276    -5.1895
    4.8079    -8.0547
   12.8666    -0.0565
   12.5319     0.7432
    1.0843     1.6178
   12.7807    -0.8390
   12.3588    -0.5591
    4.3272     4.9091
    6.4521     5.2791
    9.2159    -4.9852
    4.5431     5.2548
    5.4486     6.5001
    5.7357    -6.6680
    5.5280     5.1921
    5.0996    -4.9719
   -1.4375    -1.7550
    5.2430    -5.8151
    5.1866     5.4506
    1.0535     1.0578
    8.3176    -6.9622
    6.4679    -5.7329
    4.1656     6.6777
   11.6690     2.0884
    0.1525    -1.2791
    0.4823     0.1641
    5.8752    -6.2260
    5.6783    -7.1213
   12.2344     0.7292
   12.2415    -1.1823
   -0.8273     1.5506
   12.4208    -1.9842
    5.0312     5.5712
    1.6077    -1.3176
    9.0903    -7.4953
    2.5631     1.2793
    1.1171    -0.5989
   11.4001    -0.1509
    3.1508     4.9608
    4.4383    -5.2875
    5.4717    -7.8692
    3.8468     5.7205
    5.4081    -6.7298
    4.8267    -5.8902
    7.9013    -7.2288
    3.9712     0.4236
    3.8439     4.3467
    4.8071     4.2661
    4.8483     1.1161
    0.7428     1.7452
    5.6978     4.8129
    3.5359     0.4394
    0.8406     5.8448
    4.1001     3.7459
   11.7777    -0.3589
   -0.3809     0.4641
    4.7759     6.9610
    3.7444    -4.3292
    7.2124     5.8914
    4.4768     5.3140
    5.5367     5.7047
    4.0972     3.2704
    0.4144     0.3483
   11.8777    -0.5811
    3.8354    -6.0345
    7.4993    -3.8747
    4.4181    -5.9653
   13.5232    -0.6788
    4.3201     5.6954
    2.1069     3.2892
    6.8995    -7.4700
   14.2313     1.8303
   12.7751     0.7433
    5.7221     3.2883
    6.7710     4.5387
   10.1773    -1.6453
    5.0982     4.9054
    6.3281    -5.4089
   -0.2493    -1.9706
    5.1816     4.4276
   13.9798    -1.4468
   12.3998    -1.9673
    5.1942     3.8438
   12.3135    -0.7549
    5.8551     3.7114
    5.3687    -3.5339
   11.7021    -1.0040
    3.3304    -1.8594
   14.6557    -0.2326
   -0.3527     1.1805
    6.8218     5.6653
   12.0827     2.1673
   12.5057    -0.3169
   14.2473     0.5531
    3.9452     4.0876
    5.5432     5.9568
    4.1286     4.4713
    5.4569     5.4905
    9.0559    -1.8898
   14.1801    -0.4527
    7.7379    -5.8324
   -1.5711     4.4195
    9.8961    -2.3052
    3.8677     6.3245
    4.3658     6.3360
    5.4803     5.0320
    2.7855    -5.8603
    4.8004    -5.7798
   12.4121    -0.0520
    6.4492    -5.2269
    8.7916    -7.3332
   13.0002     1.3601
    4.8779    -2.8189
    6.1400     5.4690
   10.1105     2.1891
    7.1546     2.7743
    8.1702    -6.8372
   12.5116    -0.7995
    8.1727    -6.8234
   10.5820     0.9683
    2.6884    -0.1472
    4.3512     5.5943
    4.8720    -4.8732
   12.4817    -0.6138
    0.0385     2.0020
    4.1795     4.6840
    6.3981     5.1294
    5.4549     5.0199
    5.5473     4.8016
    3.2951    -0.1068
    6.5876     5.2186
    3.1112    -3.7808
    5.2332    -6.8018
   -1.2827     1.6512
   10.5856     0.4876
    8.6203    -7.4792
    3.6816     5.4035
    3.4381     4.6180
    4.8657     4.4843
    0.7629     1.6774
   12.8447     0.2303
    4.1327     5.1788
    0.5917     1.0821
    3.8397     5.3324
   10.3020    -1.0709
    1.5805    -0.0335
    1.3829     1.5962
    2.6988    -2.2265
    4.2921     5.8788
   10.9237    -0.6794
   12.2988     1.3086
    7.1027     5.6821
    3.6421     4.1940
    3.3470     3.7684
    9.9490    -0.3426
    1.2549     0.2265
    2.1075    -7.2265
   11.1861    -0.8280
   12.5629     0.8407
   -1.6700     3.0403
   12.0114     0.1673
    7.7171    -7.0551
   11.4053     0.7837
    6.9893   -10.0392
    2.6514     0.6676
    0.8963    -1.8097
    0.7935     3.4368
    7.2883    -4.7550
    5.6973    -8.2794
   13.6351    -0.5491
    5.4454     4.3039
    5.6782     5.7053
   12.6505     1.3499
    4.4319     2.2905
    6.1823     3.3134
    9.8100     0.2853
    6.1446     5.2832
    8.2178    -6.5880
   12.5887     1.7516
   11.8325    -0.3759
   11.5738    -1.3581
    7.0763    -5.6007
    6.7778    -9.8205
   -2.0826     1.4216
    0.7225     3.5153
    9.0633    -5.0114
    5.8302     3.8456
    4.1559     3.9556
   10.5797    -7.2218
    6.1687    -4.1894
   -0.0434     1.8881
    0.5523    -0.9758
    9.4007     0.6469
   13.0032     1.7053
    5.5657    -7.3869
   14.5925    -1.0197
    4.7089    -4.1677
   -0.2311     1.0355
    5.2763     3.9958
    2.2838    -1.3981
    0.6712    -0.0193
   10.9661     0.5697
    4.0407     5.4170
    7.3430    -4.5300
    3.3061     2.6683
    4.2957    -9.0536
    8.5173    -3.4149
    4.1497     4.9045
   10.6282     0.9223
   11.5541    -0.9393
    3.9554     5.9814
   10.9154     1.4970
    4.2639     3.8795
    4.5636     4.7334
   11.8272    -0.6617
    4.1389     2.2710
    5.6309     5.1778
    4.2996     3.8240
    6.6557     6.3498
    2.6871    -5.8289
    5.6608    -6.7115
    6.6709    -7.5126
    4.7130     5.9143
    5.7126     7.2413
    5.9285    -8.6987
    2.3773     0.0205
   11.0684    -1.9480
   -4.5091    -0.0930
   11.8868    -0.0005
    2.4136    -5.8256
    3.6469    -3.1391
   12.5480     0.4799
    6.8537     3.6498
    9.8678    -1.0174
   10.3870    -0.1893
   10.0383    -1.2651
    4.2630     5.9752
   11.3678    -0.8709
    4.7703     5.1265
    6.9135    -1.6686
    2.3000     1.7386
   -3.3150     0.1284
   11.9310    -1.7906
   -0.1559     2.9340
    3.5941    -7.2170
    5.2904     6.0607
   13.8420     0.1118
    4.5856    -5.8973
    3.5184     4.5219
   10.6103    -6.3697
   11.8400     1.2470
    1.4374     3.8727
    4.2918     5.2218
    3.5275    -7.1148
    1.0498     5.8752
    6.8169    -6.9574
   11.1387    -0.0317
    4.6454     5.6682
    2.1247     1.2330
    0.8745     1.1467
    3.0067     6.2962
    0.7791     2.4734
    4.7257    -7.8657
    8.6005    -9.3709
   12.9080    -0.8117
   11.0019    -0.2858
   12.6309    -1.4796
    3.8649    -7.1795
   11.7321    -0.8346
    7.2901    -4.7974
    2.7075     5.0890
    0.2858    -1.8702
    1.4058     0.8402
    5.9019    -3.7011
   12.2778    -0.2172
   13.2402    -1.7117
    4.7946     4.7613
    2.7733     0.3042
   -0.3275     0.1758
   13.6314    -0.9279
   -0.6527     3.5478
    5.5560    -6.6377
   11.6230    -0.1944
   12.1259     0.0314
    9.0971    -4.6926
    1.8202     1.7995
   12.2666    -0.7511
    4.8416    -7.6873
   12.8086     1.9511
    4.3797     4.7997
   11.8697     0.1371
   11.3425     1.2941
    5.3219     3.1783
    4.7375    -6.6759
   12.0196    -0.4566
   -0.3179     2.6738
    5.5589    -4.1266
    0.9864     2.3039
    2.7791     2.8508
    7.7340    -9.0576
    5.0316     4.6458
   11.5844     0.7298
    6.2260     5.4643
    5.0538    -1.5376
    4.0117     4.7760
    6.4622    -8.5696
   10.1682    -0.1694
    4.5593     0.9967
   13.4468    -0.2722
    5.7154    -7.6111
    6.7101    -6.4031
    8.2861    -2.3581
    7.1921    -8.8538
   -1.3066     0.3048
    6.0555     4.3635
   12.1215    -2.2076
   12.2253     0.8307
    8.1568    -6.3959
    6.8147    -7.0149
   -0.2411     3.2768
    5.8494     5.1448
    5.8745     5.7884
    4.4410    -7.6876
   10.9301    -0.3491
    5.5617    -5.5157
    1.1343     0.0181
    6.5145    -4.1130
   12.4911    -0.1833
    6.5503    -5.5840
    4.0405     3.8304
    4.9990     5.8043
   12.1004    -0.1010
    5.3166     5.9144
    5.4596    -6.3964
    6.1309    -5.0923
   10.7903    -3.4551
    4.6048    -4.2856
    5.9077     4.9921
    0.4055     2.4021
    5.8788     5.0708
    3.1686    -3.0095
   10.3078     0.3910
    3.1643     4.0390
   -0.6553     2.1326
    8.3737    -1.9843
   12.3385     0.4006
    9.4716     0.4761
   10.5521    -1.0731
   -0.0214     1.5719
    1.4826     0.8725
    0.5578    -3.6082
    4.9366     5.1679
    3.4484     3.3576
    5.6974     6.2936
    0.3051    -1.7709
   12.7423     0.4886
   -2.5448     2.2600
   10.4036    -0.9864
    4.9295     4.1028
    4.6156     6.1233
    2.7462     2.3143
    6.7184    -6.3670
    0.2818    -0.8523
   12.2758    -0.0829
    2.8170     1.8094
    4.7332    -7.0289
   -0.6608     2.5329
    6.1772    -3.3550
    6.1128    -4.4907
   -1.7095     1.7697
    3.8466     0.0517
    5.2420     5.8761
    4.9725     4.4168
    1.5189     0.4833
    5.0101     4.6619
    5.3831     5.2111
    5.9780     4.2307
    6.3533    -7.4595
   13.8886     0.1020
   12.1112    -0.8527
    5.3001     6.6815
    1.9676     0.9876
    5.0382     4.9535
    3.5319     1.8302
    5.7280    -4.5521
    3.8298     6.5237
    1.6667    -0.3823
   11.8506    -0.7934
    6.5997    -6.1824
   12.1579    -0.2437
    4.7424     5.0328
    3.3648     2.6065
    0.9664    -2.6311
    5.0930    -6.5574
   11.2930     0.2550
    5.9901     5.6661
    2.3308    -1.5433
    0.7780    -0.2798
   -0.4587     1.5565
    4.5772     5.9177
    2.2482     5.9260
   11.1558    -1.0113
    1.4930    -2.2969
    5.4858    -7.9535
   12.6944    -0.1811
    4.2755     6.2022
    5.0224     3.2510
    5.8390   -12.8811
    6.0418     3.7175
    2.0589     2.1217
   13.2380     0.8927
    5.2832     5.7633
    3.7185     4.5676
    1.4570     2.1324
    2.6200     1.5497
    8.7720    -7.0903
    6.3897     3.9678
   -1.1005     1.1525
    7.1202     6.2094
    2.2128     2.7033
    5.0045     5.5123
    0.4923     0.6832
    5.2387    -5.8855
    9.5274    -0.0462
    4.5021    -6.8744
   -1.9884     2.5790
    6.4272     4.8205
   14.1047    -0.3722
   12.0775    -1.0262
    5.0520     4.1320
    1.9021     1.0367
    4.6598     5.8516
   -0.0099     5.3149
    6.2859     5.8347
   12.9231     0.2232
    6.5234    -8.7077
    6.6783     5.3877
    7.1553    -9.7573
    2.9045     5.2103
   13.7485     0.9448
    0.6598    -0.7098
   -0.0048    -0.0551
   -2.7650     2.4527
   11.9542    -2.9714
    4.1473     0.2299
    3.8757    -3.0861
    3.0700    -7.4697
    3.8640    -9.3612
   -0.3391     1.5403
    2.6154    -4.0667
   -1.3109     0.2141
   13.4579     0.2111
    2.8688     6.8111
    2.1423     0.1437
    4.2102     3.3579
   12.9440    -2.0874
    5.0779     4.6420
    3.3513     3.4765
    5.9957     4.8306
    5.9648     5.1022
    5.1104    -6.1395
    9.0573    -7.6498
    5.0527    -4.5321
    6.0759     4.3480
   -2.2192     3.6584
   -1.5217     1.0382
    8.7543    -3.2735
    0.8398     2.4427
    3.8145    -6.3040
    4.8391     6.0912
    1.7555    -6.1301
   12.2396     0.8253
    3.9029     5.5708
   13.5464    -0.9879
   -0.6732     0.9463
    4.8061     4.3584
    1.9663     2.7552
    4.6572    -7.0580
    6.2719    -6.2663
    2.8337     0.0427
    5.4049    -0.3601
    4.3950     3.9145
    5.5223     2.6910
   -2.4394     0.0624
    4.4484     3.4566
    2.9465    -0.6963
    4.6497    -3.7148
    5.2107     6.0948
    3.6301     0.8152
    4.2384     6.0405
    4.5171     4.5804
    5.0891     4.1111
   10.7592    -0.4076
   11.5016    -0.4828
   10.2459     0.2512
   -1.2607     3.7046
    5.9551     4.4742
   -1.2622     1.2084
    5.5637     5.4227
    0.0503     1.4162
    5.5956     6.4772
    5.5950    -6.9210
   12.1461     0.4115
   -2.4231    -0.8719
    5.7468     6.8438
    4.7347     3.1041
   11.4849     0.9275
    6.5520    -3.9347
    5.7563     4.0759
    5.6680     4.2952
    5.3027     5.5114
    4.1865    -8.5321
    2.2941     0.4478
    3.6227     5.5006
    7.6955     5.8809
    1.9293     2.3131
    6.9582    -4.8873
    1.4523     2.3520
    2.2353    -0.8823
    4.5608     4.1807
    4.3342     4.2591
    5.4429     3.8149
    5.8649     3.7215
   12.2916     0.6566
   11.9999    -0.7022
    6.4108     5.2602
    2.3036    -0.1057
    6.5218    -6.3008
   11.1984    -0.6562
    5.2145    -6.4492
    5.7891    -7.3013
   12.4751     1.0616
   11.4770    -0.5922
    3.8963     4.1117
    7.9491    -3.6285
    5.5417    -5.0025
   -0.3004     3.0164
    1.0861     1.8742
   12.1996    -1.6932
   12.5787     1.4564
   -0.2082     0.1970
    6.5686     5.2634
    3.8225    -1.1024
   12.4609     0.4560
   10.8101     0.3287
   12.9253     1.3401
    3.5821    -4.8378
    5.5742     3.3394
    6.9382     4.7840
    5.0835     3.8676
   -0.9899    -1.1893
    7.7577    -5.3519
    3.9281     6.8692
    4.0810    -8.2719
    5.8572     4.2917
    7.0148     4.4704
    5.7840    -4.6586
    3.0670    -4.5906
    1.7941    -7.3165
    0.9018     2.7347
    3.2724    -1.4556
   -0.0146     5.4854
    6.2058    -7.3711
    5.4221    -5.9071
    4.3451     5.6095
    3.4957     3.9805
    4.4667     5.2166
    0.0078    -0.8841
    5.0537    -9.0207
    8.9928    -5.1815
    7.8680    -7.8676
    9.8999    -2.1678
    5.5607     4.9882
   -0.8083     2.2244
    5.2547     5.7879
    5.7077     2.8683
    2.1112     4.5317
   -0.1524     1.1854
    2.0600     2.7297
    4.8004     5.7899
    2.2684     3.6046
    3.7623    -7.0823
    6.9736    -2.9755
    0.7205     0.4798
    3.8574     5.5483
    2.9918    -2.1573
    4.7649     7.0991
    5.6061     6.2691
    6.8024    -7.9139
    9.0191    -7.7583
   10.4838     0.0293
    3.7706     4.5989
   10.9719    -0.0667
    1.7763    -6.5586
    4.9634    -6.3133
    5.4235     4.4859
    3.3146     4.9721
    4.4944     4.3247
    1.9979     1.2362
   -1.0697     1.6414
   12.6549     0.2677
   10.9039     2.0470
    4.4748     5.6565
    4.0438    -4.3188
    2.9228     5.7430
   11.6235    -2.3057
   12.1249    -0.6576
   12.8887     0.1425
    6.0276     6.1703
    4.7957    -5.7029
    3.8461     4.6337
    4.5030     5.4379
    3.2796     4.4282
   11.5670    -0.0604
   11.8599    -1.7537
   12.2201    -0.5917
    6.7374     4.5921
   -0.5322     1.2190
    7.1557    -8.1782
    9.4219    -0.6699
   12.6153     0.2575
    0.1956    -0.0565
    4.1191     4.8243
   -1.6713    -0.7348
    4.9866     4.6263
    4.6936    -6.7915
    8.4406    -2.8763
    7.1886    -2.9052
    2.9094    -5.1428
    4.3464    -6.5834
    2.1430     1.5602
   -0.8615     4.4823
   12.3732     0.1658
    4.1027     5.4316
    6.9952     4.7887
   -2.9448     2.8065
    2.5739     1.8122
    6.4939    -4.0498
    5.4239     5.8283
    2.2837     3.3694
   13.6516     0.6796
   11.8228    -0.3316
    5.7718     4.6785
   -5.0894     1.6733
    3.5910     6.2540
   -0.2061    -2.9116
    6.2536    -4.1091
    5.5039     4.4555
   11.2899    -1.5067
   11.6225    -0.8030
    6.2279    -4.4751
   10.5794     0.1872
    0.2495     2.7149
    3.0957     2.9452
    5.0315     5.2775
    7.1360    -5.3282
    0.8261     1.6402
    3.0833     4.0296
   -0.7402     1.6680
    1.5059     2.4797
   -1.1704     1.2430
   12.1716     0.0028
    5.4828    -8.4994
   10.8221     1.0670
    5.3261     4.2334
    6.6375    -4.0681
    2.1593    -0.7692
    4.3754     5.1807
   -0.3490     1.4427
   -0.9077    -3.0328
    4.7007    -4.7019
    5.8682    -6.8265
    4.3133    -1.8852
   -1.2683     2.2005
   15.2389    -0.4154
    5.0662     5.7000
    6.0024    -5.6237
    4.8800     5.1344
   12.7957    -0.0939
    4.7569     3.9727
    7.5642    -6.3170
   12.9971    -1.2055
   12.3958    -0.9423
   13.4704     0.2949
    5.1635     4.2459
    5.5349    -6.6701
    5.8390     4.0785
    0.1530     2.2051
    5.0992     5.5704
   14.0503    -0.8335
   11.9318     0.8711
   -0.3975     2.8272
   11.2168    -0.2722
    0.1174    -2.3596
    0.2029     0.6362
    9.6161     0.3718
    5.0380    -4.1289
   13.2361    -0.2977
   12.3706     0.1157
    4.0975    -1.8422
    6.4539    -7.9975
    1.4715    -2.1986
    5.1323    -4.0139
    8.1261    -5.3126
    5.6829     4.7907
   10.6724     1.5478
   11.3784    -0.0468
    3.7682    -5.2391
   13.8356     1.5014
    1.5462     0.9096
    5.3501     5.3847
    5.1645    -1.4120
    4.0269     5.0261
    3.6521    -4.6774
    6.4680     5.4983
   -4.6613     1.0327
    6.6798     4.0404
   -0.7231     3.0648
    5.0913    -1.3001
    4.7362    -9.1715
    4.9541    -6.2968
   12.6333    -0.7826
    6.7563     6.7191
   11.7983     0.5770
    1.8011     5.4694
    1.0012    -0.4589
    4.2340     6.8084
    6.1682     3.6646
    5.9127     4.8312
    4.0882     5.6207
   10.0698    -6.3907
    1.9573    -4.7979
    4.8313     6.0321
    6.3394    -7.2657
    4.1397     6.8063
    1.8964     2.6805
    9.8561    -2.1352
   12.2749     0.3852
    6.0852    -4.6678
   13.3194     0.6236
    0.8136     1.6289
    6.1153     5.1037
    7.9497    -7.5901
    4.7222     6.6421
    2.2222     0.4915
    9.5036    -8.1677
    3.4056     1.1291
    3.7943     4.9721
    5.3172     6.7186
    6.8473    -9.2666
    7.8871    -5.0456
    3.8951     1.3413
   11.3354    -1.8290
    1.1983     0.5168
    3.7771     4.8843
    1.2354     0.4564
    3.7504     3.5171
    3.4043     2.5998
   13.0928     2.3088
    7.0911    -6.7334
   -0.9326     1.6344
   11.3893     0.5130
    4.0553     6.5611
   10.8589    -1.7102
    3.2747    -2.0042
   12.9281     0.1435
    0.4252     2.1962
   -0.7921     2.4032
   12.8030     1.8211
    0.2372     0.1834
    5.0656     5.8973
    3.9054     6.3664
    1.1328     0.6800
   12.4558    -0.7063
    5.9659    -7.4105
    9.7135    -5.4106
    6.2218     3.5563
   -0.9279    -4.5590
    4.9821     3.5190
    5.7310     4.2387
   11.1737    -0.3573
    6.2911    -4.6575
    3.0098     1.2831
    3.3429    -6.8256
    7.0297    -6.9092
    4.4399     3.5136
    9.5702    -6.1550
    7.3080    -6.6250
    4.3504    -9.8777
    2.0626    -1.3311
   11.6555     0.7937
    9.4629    -4.8290
    0.2437    -0.3221
   12.1982    -0.9174
   13.7816     1.0149
   11.5755    -1.3978
    2.7345     5.5014
    5.0297     3.5958
    0.3798     0.7591
    5.7264     4.9256
    4.7551    -8.2609
   11.3948    -1.5046
    2.1023     3.4415
    4.0864    -5.6741
    6.1108    -4.0846
   -0.9150     0.0163
    0.6395     2.0094
   11.3389     0.3289
   10.7680    -0.1881
    0.7585    -0.2255
   11.3609    -1.6029
    8.3793     0.5804
    5.3493     6.5210
   11.0562    -1.9003
    4.4322    -7.3639
    4.5604     2.8635
    4.9351     6.0990
   -0.1714     4.9723
   11.3836    -2.6103
    4.1106     5.1235
    7.2687    -8.7335
    0.3089    -0.2564
    7.0888    -9.5930
    3.1452    -7.5475
   11.2760    -1.1814
    0.7431     0.2041
    2.7771    -2.8700
    4.8078     5.3532
    3.5229     0.8084
   -1.3038    -3.2573
    0.4539     1.9746
    6.9626    -2.6470
    5.4170    -9.1514
    2.3609     0.3296
    5.2711     6.1888
    5.5797     4.7023
    2.6986     3.1793
    4.2818     5.6013
    6.5683    -6.9673
   -1.3732    -2.1143
    7.2167    -4.0993
   -0.6979    -1.5581
    7.7405    -4.9913
    3.6152     6.3398
   13.5747     0.2110
    5.8480     4.4814
   11.6110     0.1571
   12.8025    -1.2284
   12.4640    -1.0808
   10.9019     0.0157
    3.7284    -7.0265
    6.1229    -6.1091
    7.9882    -6.0555
    5.3851     3.8228
    5.4195     4.7295
    4.7249     4.3662
    5.0201     4.7403
   12.0310    -0.3932
    0.7054    -2.9430
    5.5795     3.9402
    5.4815    -5.9512
   12.7991     1.6372
    3.1743     3.4348
    5.4950    -6.4935
    4.2442     6.6477
    6.4150     4.6413
   10.1323    -2.3981
   12.0954    -0.4207
    4.7589    -7.2792
    6.7887     4.5741
   10.3998    -0.0772
   -0.3752     1.6768
    5.2729     5.8531
   12.7054    -0.2507
    4.9605    -7.8134
   11.6681     1.3191
    2.0835    -1.9497
   13.9423    -0.5102
    9.5636     0.4914
    4.1418    -9.7044
   10.3701    -1.7772
   11.3088    -0.7860
   11.6045     0.5645
    1.3714     4.0543
    5.6529     4.7405
    5.6693    -9.1721
    0.5284    -0.0368
    5.4391     6.2213
    9.0900    -4.2856
    2.1198     1.7411
   13.9968     0.6880
   11.5909    -1.5385
    5.7670     6.1461
   11.3108    -0.6922
   12.1020    -2.0448
    7.0158     5.7321
   14.9735     1.3207
   12.1035    -0.8146
    4.1443     5.2416
    3.1006     3.6917
    4.8092     5.6566
   10.3641    -4.8460
    2.4024    -1.3232
   11.6960     0.7122
    3.6309     3.3238
   10.6464    -1.5858
    4.1793    -7.1090
   11.0194    -0.3300
   -0.0426    -1.7419
    1.2937     3.5515
    1.4256     2.7996
   -0.1249    -0.9233
   10.8712     0.8017
    5.4172    -5.4890
    4.4369    -3.4261
   11.8106    -3.4917
    2.3772    -0.8860
