   4.880 0.000
   8.326 0.100
   9.739 0.200
   7.605 0.300
   7.946 0.400
   5.872 0.500
   8.403 0.600
   8.070 0.700
   6.882 0.800
   8.869 0.900
  10.671 1.000
   8.369 1.100
   6.966 1.200
   9.222 1.300
   9.595 1.400
   8.576 1.500
   6.842 1.600
  11.492 1.700
   6.857 1.800
  10.487 1.900
   9.835 2.000
  11.803 2.100
   9.139 2.200
   9.828 2.300
  11.347 2.400
   9.477 2.500
   8.423 2.600
  10.587 2.700
  10.846 2.800
  12.084 2.900
  13.067 3.000
   9.933 3.100
   8.343 3.200
   8.775 3.300
  10.910 3.400
  13.636 3.500
   9.018 3.600
  10.773 3.700
   9.910 3.800
  13.513 3.900
  12.491 4.000
  13.855 4.100
  13.364 4.200
  12.086 4.300
  10.122 4.400
  12.489 4.500
  12.051 4.600
  13.049 4.700
  15.092 4.800
  15.193 4.900
  15.492 5.000
  13.188 5.100
  14.350 5.200
  11.589 5.300
  11.914 5.400
  12.289 5.500
  15.818 5.600
  11.748 5.700
  14.940 5.800
  12.523 5.900
  15.785 6.000
  13.442 6.100
  15.942 6.200
  16.140 6.300
  13.765 6.400
  13.316 6.500
  13.227 6.600
  17.097 6.700
  16.196 6.800
  13.383 6.900
  16.102 7.000
  13.765 7.100
  13.548 7.200
  16.984 7.300
  14.345 7.400
  13.504 7.500
  13.728 7.600
  15.751 7.700
  16.816 7.800
  14.216 7.900
  14.116 8.000
